2.251153 0.1731656 0.4205451 37.87547 18.21971
39.07757 47.82138 30.34549 35.1501 33.12662
24.25535 23.5153 25.91195 0.09056604 22.0348
23.25912 0.1979036 21.69224 25.09057 11.68721
16.27296 24.18365 23.72956 32.76897 50.19748
44.56059 47.92495 0.445283 50.11614 56.13627
0 55.71572 72.84864 83.64654 75.28092
48.7195 46.82264 62.574 30.74423 21.98155
29.32034 1.459539 32.78532 56.59329 2.221803
24.60084 25.74046 24.56855 15.64193 35.6327
44.85786 31.7673 23.3065 25.23941 40.18407
0.02264151 25.5761 36.3304 0.2226415 46.92285
39.55052 32.12243 45.04864 27.48512 30.76184
31.49099 14.51237 11.54843 21.98784 0.2503145
41.8608 38.28092 0.1979036 0.3463312 30.86918
35.05451 29.9543 31.91321 39.86164 37.34507
42.12872 50.93166 90.5652 95.86583 0
93.94843 70.30608 46.88428 45.19539 56.60629
36.13375 26.80964 29.52537 22.51572 21.83103
25.86583 31.99371 27.62767 32.4239 23.57191
44.95136 34.18449 48.07463 60.11782 72.37023
56.14801 65.82138 82.87925 59.33459 34.50314
37.59371 26.64612 46.62474 67.22642 82.64277
61.39078 73.4587 79.22642 81.49937 91.71195
115.4604 101.3002 90.59161 87.56017 77.2218
62.38281 54.38113 37.88721 20.56226 29.09727
45.98029 30.0499 18.58407 44.26583 27.29266
0.09895178 0 13.39413 5.558071 6.823061
14.11195 8.708176 5.71153 9.773585 7.156394
8.961845 13.10943 0 25.97358 17.30901
1.395388 11.37023 18.89686 28.50482 18.94382
14.2826 8.04696 12.79916 16.50692 7.13501
7.594549 0 8.262055 3.438574 0
1.527044 4.423899 6.308176 11.15681 9.27673
10.84864 12.78952 2.89434 0.0427673 0.1484277
0.1731656 1.902725 2.013836 0 3.551363
3.73543 0 1.08847 1.261635 1.877987
3.036059 2.248637 2.240252 0.2633124 0.2968553
0.2968553 1.410063 0 0 1.590356
2.028512 1.236897 0.6926625 0 0
0 0 0.02767296 0.8163522 1.238574
0.5224319 0.4209644 0.09895178 1.137945 0
0 0 0.2696017 1.236897 2.231027
0 0.445283 0.04779874 3.37065 0.2213836
3.77652 0.8884696 1.796226 2.348428 0.7262055
0.445283 0.3958071 0 2.053249 3.933333
2.18826 4.220545 2.70608 2.745912 7.940881
20.40252 23.64528 0.01761006 50.34927 56.26541
41.28763 64.59078 70.08092 77.14927 63.9283
60.03229 66.44235 47.97862 55.66918 54.86709
47.0478 60.42725 50.59706 50.82809 62.02348
69.33459 63.10105 59.1086 66.2239 54.35388
62.72411 83.38407 67.73543 66.57568 82.71698
71.96101 144.0134 181.9816 200.5757 183.6084
198.8847 230.3782 218.901 185.6532 191.2306
177.0914 167.6604 125.7828 93.94843 87.30398
103.54 92.46164 58.51656 35.85241 27.46122
40.85618 39.13082 17.62977 0.2146226 0.01650943
0.04009434 48.13325 51.62264 51.80189 66.27005
63.05307 94.78656 75.66038 74.42689 66.14976
35.16745 2.334906 33.69929 56.36792 0.01886792
58.54481 42.58491 48.41509 51.6309 40.17217
34.18396 35.30425 49.37264 34.94222 35.26297
0.04245283 34.56722 67.77358 0 86.79599
129.4623 126.3561 141.9717 104.6745 59.58373
31.68396 37.11439 39.31604 61.40448 0.1391509
79.56958 97.34788 0.7287736 92.22995 79.67335
95.84552 112.2476 76.09316 88.99175 73.65684
30.26651 81.37028 91.1309 0.5837264 108.4776
129.6639 0.02122642 80.59434 86.87028 75.82311
58.96226 57.93396 56.6309 70.98113 64.06368
32.76415 37.57193 0.7346698 48.57783 59.2217
0.01886792 0.03301887 27.62736 38.94693 51.06132
58.35613 63.12028 77.03184 65.01651 105.7901
61.36321 106.52 0 125.0767 122.3703
105.0165 117.3915 125.0059 139.2087 141.5507
144.8467 103.921 85.63325 97.52005 83.3066
98.46344 75.33491 111.4528 88.22524 97.21462
98.2158 108.1521 97.43042 104.9304 42.33255
53.19929 48.56368 35.5342 37.0566 80.14741
90.06486 95.71226 92.85259 53.28302 51.7842
73.39976 53.84316 67.41745 54.4316 45.19811
71.57547 77.29599 79.54127 45.81722 50.48231
31.91509 21.15212 22.61203 23.25236 30.65094
45.1309 49.58255 51.06604 0.009433962 0
37.14033 56.87736 54.54245 87.41745 77.72642
64.64623 76.60024 61.22995 49.3184 44.41509
0 50.10024 28.14387 0.3915094 28.80542
12.5283 9.244104 20.09316 7.306604 7.939858
19.89505 15.72524 13.02241 8.349057 0
7.766509 0.3278302 0 1.244104 1.584906
0.6014151 1.063679 0.884434 2.649764 1.21934
0.2759434 1.102594 0.01415094 0.01650943 0.7629717
11.88797 0 2.600236 0.3561321 0
0.1037736 0.120283 0.7606132 1.387972 11.58726
6.287736 1.705189 0.02830189 0.02830189 0.134434
0 0 3.511792 0.1933962 0.1179245
0.06603774 0 0 0 0
0.7134434 0.07783019 2.70283 0.7606132 0.6863208
0.009433962 0.1084906 0 0 0
3.773585 0.1179245 3.508255 0 0.04245283
1.232311 6.201651 1.895047 2.686321 0.6662736
0.5589623 5.264151 2.201651 0.04245283 0.03773585
0 0.1957547 0.375 2.40566 0.7900943
3.682783 0.2617925 0.7570755 3.689858 3.417453
0.4540094 8.806604 11.37382 3.936321 6.158019
7.909198 24.9316 10.68278 10.63443 11.95637
15.04245 11.25236 14.08373 10.10731 17.00472
24.72642 26.23467 18.12618 12.81368 12.86557
28.12264 26.02241 16.10259 22.84552 30.6309
30.04363 26.83137 47.10967 57.65094 88.42925
88.75354 88.39387 76.04953 116.6002 138.0837
131.3031 162.4458 161.362 138.6899 75.3691
119.1297 151.7642 166.6392 104.2146 105.8078
87.83844 71.5908 17.28656 32.84434 23.31014
30.69458
